0.02074095454876531,0.09975860059204297,0.0016412353248388431,0.012130234006438978,0.5352731258485436,0.002951057338962356,0.3009535835172759,0.004610720555406661,0.021940488267725357,germany
0.000432606969575855,0.6391485328357017,0.00037302545789491526,0.002568134109496746,0.26986797129116435,0.0002855393066710759,0.08673033178607073,0.00022719200966518356,0.00036666623375948386,italy
0.0030241659568106738,0.4950370729736106,0.0011137011779317446,0.07698835389475574,0.10286801636378133,0.0013517348302509514,0.3120618638469831,0.0016918112881244818,0.005863279667751539,spain
0.015600816828870294,0.3332933341139643,0.004889615983752556,0.011204164164294709,0.25182666149199046,0.005427177913905573,0.3063273983115369,0.010834919131388758,0.06059591206029607,germany
0.0921450408806047,0.06412358860738906,0.0031387227538797117,0.014626102718624462,0.04533844701072351,0.007387137005264994,0.049669232486255877,0.03411404539103749,0.6894576831462199,the-netherlands
0.0716592696100604,0.0054769988954401026,0.01098763398782776,0.004349023782013759,0.03760702064461844,0.056453221072480034,0.044519650344049054,0.15971460279771316,0.6092325788657972,italy
0.008595172690539398,0.19677459598660804,0.0022367944561715045,0.010100962245934429,0.4121984954950834,0.006305789318096114,0.32151230720267865,0.012395165455959896,0.029880717148928208,the-netherlands
0.003244416823607532,0.5526427696194948,0.0014405200844852103,0.01732510273389616,0.22817572349040616,0.0014124719939319571,0.19061638106164663,0.0015536696890428858,0.0035889445034886698,germany
0.0012421759888869618,0.5794028156386094,0.0008488683062265612,0.01125996080505133,0.23697602864498987,0.0007434620357358482,0.16744538910217488,0.0008134177133436266,0.0012678817649810874,russia
0.0009970457016428538,0.544929887395075,0.0008828637813214843,0.00558195038370514,0.3445837142507528,0.0007146921015663985,0.10094931972924404,0.00048629764047928214,0.000874229016213279,germany
0.001125368006384944,0.6507486027085341,0.0009624744942659311,0.02095638378846096,0.19598547243161474,0.0009314027877622802,0.12685178504560812,0.0010227477339860218,0.0014157630033824877,new-delhi
0.004393878812129406,0.556352208607433,0.0021737279082438914,0.018233055032715103,0.199983551974977,0.0023297606368462226,0.20750682712044838,0.0029028947937938996,0.00612409511341273,italy
0.014826055092794018,0.3050930546750785,0.0029749909966371602,0.025061709588488263,0.22701570622822032,0.004499265435082609,0.38715339095539963,0.006473537230714264,0.02690228979758496,poland
0.04978546355932789,0.017251964848708758,0.006360062562971851,0.007947812329116712,0.038140073271030264,0.027626915415394884,0.03970568203383452,0.15188207308696208,0.6612999528926534,poland
0.0027963250320101776,0.6703758240355553,0.0014325093076217818,0.029020758025368763,0.1562246080857427,0.0013203867514621304,0.13414116294926984,0.0014942788724654963,0.003194146940504085,poland
0.018236809756480878,0.1321375147735499,0.009132588971439032,0.024776978737384478,0.1563879386434902,0.021921462908532745,0.45901814094344123,0.04238996139545964,0.1359986038702215,poland
0.04172400665337549,0.13219752812994778,0.003903122228245971,0.05542899317576155,0.06506778927417511,0.006757229140629306,0.1896101558066924,0.04742625586038497,0.4578849197307878,germany
0.006940487772710906,0.42755088483999454,0.00333508258457308,0.022102587239851347,0.15766333518716827,0.006892968985234319,0.3112802634774804,0.025866884059005505,0.038367505853981486,the-netherlands
0.0021434222460687625,0.5516930696517428,0.0018504267710171326,0.012662070451985625,0.16047871434814107,0.0016995882166469514,0.2629590358215669,0.0026168716015883744,0.003896800891241698,spain
0.008903544421299814,0.21489750458851264,0.0026276787211225033,0.036241160275874144,0.3278134670891194,0.002912131899808371,0.39199392754164425,0.0037640426350632502,0.010846542827555813,the-netherlands
0.009508845097554864,0.1937623353585648,0.002637039595394041,0.04126785190732038,0.32213243111244666,0.0036301097617679207,0.40090530720654743,0.007347987880034644,0.0188080920803695,germany
0.0010904499894295063,0.5672893825987543,6.830770122374215e-05,0.006840813204392075,0.09642603639779523,6.302175193998241e-05,0.32757380364587785,7.765501763662644e-05,0.0005705296929508529,poland
0.0065145870442026525,0.5493611620843645,0.0012397384676001465,0.021602459915297995,0.11914547856635675,0.0013517624285097941,0.28345411003677473,0.0031099248436159506,0.0142207766132776,poland
0.035878544042535696,0.10875610681138743,0.0068334332504674175,0.0565464094009246,0.2053970876588953,0.011729321042071484,0.4280664326874411,0.015690282119234386,0.13110238298704233,iran
0.030180335842553016,0.017415844250604506,0.005830195531698605,0.011773022525240526,0.0672222713415217,0.031487077976431486,0.18037829407666345,0.12039356420799838,0.5353193942472885,germany
0.0004946875709707658,0.6768120474045153,0.00028330352204472873,0.009713414852928141,0.15755661518354958,0.0002862632883782821,0.1540391741172098,0.00032693935197131987,0.00048755470843234524,iran
0.009540404008229402,0.3455652891782786,0.0026247483547472035,0.07780316968425262,0.11308900750138375,0.004006067576625205,0.4081519806211298,0.012802280789145944,0.026417052286207797,new-delhi
0.0013428986872400777,0.6788261437792315,0.0007604239992561443,0.021387381239498394,0.1574101047802261,0.0006710505671262693,0.13635881888167442,0.0010853857338128162,0.002157792331934405,russia
0.00107353241771427,0.63212322745636,0.0007941237931898404,0.005571392391513028,0.22907799195288234,0.000620990516406472,0.12899993894428283,0.0006194182548481333,0.0011193842728030956,italy
0.0007585376428366475,0.7010654500865361,0.0006312713973513026,0.011972328801854604,0.20617889125443434,0.0005002511191650352,0.07761554802678533,0.00045465703126531366,0.0008230646397710818,new-delhi
0.0226106362560627,0.45484448187304005,0.00436985853547195,0.04288351343787844,0.12392307060824276,0.004962914245296506,0.28687170613346336,0.011886138737620905,0.047647680172922986,the-netherlands
0.010906496108892735,0.3154233668238199,0.0031766623060610908,0.012102241657881567,0.16060296034758278,0.008853398064108868,0.4362223364849183,0.013231086401261813,0.03948145180547307,the-netherlands
0.0009010658457012495,0.6425217336401285,0.0006250472581352809,0.008595982217968269,0.2431991612206555,0.0005616812399738636,0.10200295758958983,0.000582034527995384,0.0010103364598523178,the-netherlands
0.042503489058773256,0.2905584117197644,0.011794022395520133,0.05895237784552373,0.14708747966955057,0.015218866713267037,0.20122252765892099,0.06022764289123897,0.17243518204744074,portugal
0.011428026453377682,0.32495798066734927,0.001476125232932588,0.014227273293622304,0.07372972141130993,0.002986035221157144,0.5262337583728007,0.0057672414555849545,0.039193837891865285,germany
0.002291941190985852,0.6260985803582024,0.0004128118807697233,0.009584668766338926,0.08276870839355716,0.0006060187532300394,0.2717305111075155,0.00087281031023689,0.005633949239163204,spain
0.00019809692256064494,0.8918424118337133,0.00013805326179888123,0.01075811847002977,0.06068224060258696,0.00012094209287021682,0.03603402903172196,0.000100241868200953,0.00012586591651710552,germany
0.004644146523426648,0.05156617209455617,0.0005877384105642719,0.006111580836256647,0.30427807837399184,0.0015808445763431096,0.6066331037343174,0.0043717658177704335,0.020226569632773007,portugal
0.005486412916210723,0.515193952955215,0.002788867930228991,0.030646062387493737,0.13944603002810854,0.009062202119771226,0.2547017915227031,0.021407173311161036,0.021267506829107684,the-netherlands
0.0036510717432255034,0.4742799136155671,0.0015719132710988806,0.02656968320747891,0.2144984600615223,0.0016030745892364386,0.27181466010059435,0.0023142087943953406,0.0036970146168806865,germany
0.009819433799421568,0.15974448623086418,0.005526464326272164,0.008023813404505142,0.3244673793493097,0.007889155942054634,0.4244796803721182,0.028728767933161804,0.03132081864229269,germany
0.05475002199618931,0.08433803871658027,0.008631137830625355,0.002742234038763938,0.06586885234560586,0.008659342062734502,0.5363531921936104,0.030650116173767672,0.20800706464212257,the-netherlands
0.00134052926096748,0.5612507262153004,0.0007004714012754522,0.012925400779788529,0.24602068920001394,0.0006640690425526802,0.17515271118776454,0.0007139436331091112,0.0012314592792277543,russia
0.0016222556432645067,0.5978073000844054,0.0009270588527158737,0.011873807934613756,0.25625229981581665,0.0008339483425252324,0.12800386681388204,0.000849025723884818,0.001830436788891545,the-netherlands
0.009521543143775365,0.1826353095095845,0.002941721799362461,0.004977899709318582,0.12156564735667857,0.015877608294449997,0.4457362143973877,0.02038759811053942,0.1963564576789032,new-delhi
0.0016736737361087964,0.48064163598738857,0.0011153780730087162,0.0037947305026557855,0.1786221120527184,0.0022559394814708183,0.3254564211847279,0.002139537326608085,0.004300571655312653,the-netherlands
0.06977493718545014,0.05548001679870799,0.004989922854347883,0.02063262007612685,0.1511147756260541,0.012684762942438872,0.47682445947068186,0.03616130420873646,0.17233720083745563,germany
0.007115334186560059,0.626992250180181,0.0012284090880238338,0.021865799692686424,0.07219474386397919,0.003804535912024662,0.22804487393518894,0.005187075298619223,0.03356697784273699,the-netherlands
0.0016520038192970358,0.6198173101504627,0.0010477386035455828,0.012101760935247226,0.21503948535277348,0.0009520984828929819,0.14677023462737807,0.0009879355201688133,0.0016314325082338406,new-delhi
0.0027615772937089663,0.600533545234478,0.0010941179308605747,0.011637829750136221,0.14169420291546095,0.0009898167868722964,0.2377175973692162,0.0011240942375969297,0.0024472184816702095,germany
0.008743243693393889,0.14355037857343603,0.005676933285890591,0.014960392606553408,0.2882520767578637,0.02095740501634175,0.4284300589569479,0.046280361452539207,0.04314914965703368,iran
0.04150166688007871,0.04720705341177083,0.0021421194270109826,0.00733847785356839,0.530619253959903,0.008539368101926362,0.27463816932138446,0.013897252739155945,0.07411663830520188,germany
0.0021873914361770683,0.6583067507041923,0.0003397355560567622,0.008721198708574482,0.09145630325647701,0.0005841159192880084,0.22853600392944864,0.0013476479160833127,0.008520852573703053,italy
0.0007912976267344296,0.7297769761496796,0.0006510371073492067,0.007770489404451763,0.1590560837574127,0.0005233054626895435,0.10005391492267024,0.0005457866508865223,0.0008311089181260253,germany
0.0038986154051622243,0.5810580694356612,0.001214660446454299,0.009631935331810662,0.1466683909274598,0.001468640445330141,0.24516052979561734,0.0024199941360873137,0.008479164076416816,the-netherlands
0.05818461862686937,0.02598463334544452,0.0032121842172817593,0.018624024423971507,0.16848859758311616,0.007115897169167106,0.6144164207266594,0.01699769891609898,0.08697592499139112,germany
0.0050505711986801845,0.6870073383741496,0.0010445140407953158,0.020979429821601933,0.12835372556048846,0.0011818559830629723,0.1468492107721278,0.0016920335160425194,0.00784132073305084,germany
0.015438739140566144,0.2868090592007705,0.004861723876508805,0.036817503343699653,0.23936123586295494,0.007667272192206719,0.362127159300933,0.014426069213719682,0.032491237868640534,the-netherlands
0.049946627937848265,0.11573407562694009,0.004645255509387514,0.02202673496262967,0.2161921393039677,0.010898964551485962,0.3744128947867681,0.026676619875588257,0.17946668744538485,germany
0.18310728879193708,0.020517488180413306,0.005052025526443292,0.010416590083368713,0.16420436881309294,0.012501660937586735,0.22969918415763146,0.0587256559888693,0.3157757375206569,the-netherlands
0.005887107714538092,0.4933611784698972,0.0014727825526635865,0.02776652964271195,0.13598867199328604,0.0013877255887915062,0.31168287153657287,0.0038980247619795406,0.018555107739559762,portugal
0.000769022893254669,0.805284808719644,0.0002426995294839653,0.004942506792955745,0.11499109308171014,0.0002995844718124569,0.07214795442178282,0.00033756096414478987,0.0009847691252119247,the-netherlands
0.0018649760428376472,0.47686389466856943,0.00114997750371345,0.008441103371209081,0.2896577374737413,0.0011665039900678935,0.2175644595369568,0.0013586792635709626,0.0019326681493337672,new-delhi
0.0012455269988092654,0.6341886978311664,0.0007586791007691507,0.008224395508528623,0.24003347659788518,0.0007032097371558583,0.112699843947753,0.0008166246127120531,0.0013295456652202945,spain
0.026210552606780894,0.08789243901910483,0.003200481222683398,0.03574532573830719,0.43981998397897454,0.003990190488670743,0.361544291693264,0.006842212646144333,0.034754522606070155,the-netherlands
0.0010441826285808385,0.19744242738233547,0.00040904408630949526,0.022062617990145472,0.25995965504878693,0.000945892557179805,0.5116922560535916,0.0024675538604125133,0.003976370392657593,poland
0.0033873734015523187,0.2967239365782119,0.0014588866309291051,0.02966563721469265,0.4307938897411246,0.0016620883023104175,0.23065277033339793,0.0019126784299030566,0.003742739367877982,germany
0.003545957734557657,0.7996147228153959,0.0006514796741105242,0.01676017624487302,0.07227538184919181,0.0006889408458082654,0.09699494085580382,0.00112535123414922,0.008343048746109673,the-netherlands
0.04248241804199694,0.0040895360348245135,0.023410284361306894,0.0034156881552118365,0.0361459496367611,0.09000660901833156,0.07023565204275488,0.2817615343586745,0.44845232835013793,iran
0.0027435050081061753,0.49887808374459064,0.001361297638758765,0.01574436600272433,0.23790369058011432,0.0013710388503090796,0.23743327050418692,0.00165138859066656,0.0029133590805433657,new-delhi
0.004438917499149895,0.2824606591315588,0.0024403137317010985,0.016443139368743396,0.38936869950261854,0.00253887359168721,0.29377621356546313,0.002892257801409236,0.005640925807668469,germany
0.009198852340362614,0.47353068865495485,0.003444999025572854,0.004545709392430613,0.07327916101485496,0.011212440238023254,0.2891125402093942,0.01782158138409728,0.11785402774030936,iran
0.022959426994716738,0.31692465980297785,0.005398689131520271,0.014837195950918905,0.16422921690732104,0.00687179075287425,0.38954854254354154,0.013102105286069103,0.06612837263006068,poland
0.007387532688709942,0.4129152105917739,0.0032243513354591287,0.04782974685710472,0.20126289383381457,0.0029957901690636918,0.3089928661592709,0.004329148935874637,0.011062459428928641,italy
0.00024848263190481467,0.9011958087492284,0.00010776789448438438,0.041223299234930594,0.028404640271881557,8.7406680106868e-05,0.02845707422051697,7.710553495598156e-05,0.00019841478198981874,germany
0.0017625388147312702,0.6087017696389901,0.001398415515163494,0.013280661030077356,0.23199047789788207,0.001172348105793975,0.1386367270246961,0.0011815758592958398,0.0018754861133699005,the-netherlands
0.0026175076534186315,0.6712626675962856,0.0011444087770354622,0.012164625974529119,0.1737906326550685,0.0011969117357384365,0.13267486855379332,0.0015848564890806804,0.00356352056505007,portugal
0.006904890157689367,0.5793679384531392,0.001221159925104173,0.03131582663005062,0.12676230511699585,0.001972244314252613,0.22615918759436726,0.004166095581544782,0.02213035222685568,the-netherlands
0.05966620745715808,0.007265812422011357,0.0027520013139082544,0.0012900656098277033,0.010671309981308826,0.017297380551834298,0.010316861379608792,0.11105667372880369,0.7796836875555393,the-netherlands
0.007893341409542304,0.11114631311767724,0.005051720289557101,0.0033390052015225707,0.08556024446199938,0.007657819048176752,0.7161594661953599,0.018845983114303324,0.04434610716186154,the-netherlands
0.018584915383981892,0.12025709776768682,0.005077764661138378,0.046001314367894564,0.06671466071622788,0.008545417150709791,0.6244371899614233,0.029842810135053,0.0805388298558846,portugal
0.005627840250025861,0.16284927509656735,0.0014735524323982543,0.012408349736836357,0.43731263167729956,0.001863380194946555,0.36655673051262333,0.0029776677821115468,0.008930572317191118,the-netherlands
0.02654682703942717,0.19171487125384157,0.005188866086570866,0.025173865583954142,0.22737629377016838,0.006185511789028173,0.4223621884568275,0.015582755536211723,0.07986882048397068,germany
0.07825372526346042,0.0192287342519112,0.005239433161379337,0.008096374491124037,0.03681136356475897,0.017100218804000394,0.10814845747006477,0.03914549425686138,0.6879761987364396,iran
0.015932993259132226,0.2483926803790207,0.00548975241090763,0.17463685030919407,0.17612711344016285,0.008202771513773433,0.30470306210229964,0.01574343120279713,0.050771345382711816,poland
0.001459344593565729,0.6882123169263609,0.00046741971776583495,0.007285266079617204,0.06822555582537589,0.00039319961195991227,0.23079733335571515,0.000600312037627732,0.002559251852011162,russia
0.0006067695460401418,0.5765155823324694,0.00044432906274845783,0.0035177510278991985,0.31417609484596354,0.00037504828591317454,0.10344133767451869,0.0003544492955588423,0.0005686379288886408,germany
0.009536720989864812,0.2671773315196408,0.0026192092776662424,0.020303950028653414,0.33093748396768585,0.0031734934988652307,0.3448339778248194,0.004758338306942865,0.016659494585861155,italy
0.0223591704089871,0.10049037307302243,0.004443573245387284,0.012656923497681136,0.09539192240630624,0.00717717038450292,0.4842069850892887,0.08249721376599545,0.19077666812882899,poland
0.01792317964365129,0.545188355074099,0.002217246520641128,0.021771038860759543,0.0958438146225496,0.002949380081990036,0.26696854765247413,0.005040862247474969,0.04209757529636028,germany
0.03308534346399634,0.2986376283273184,0.003261635359284597,0.014503827364893428,0.31285535950007337,0.004764283229467807,0.2708904795294741,0.006243885984397602,0.05575755724109439,spain
0.0020344429990399966,0.7630073601926476,0.000877183249393655,0.042161597557515286,0.05793656626331161,0.0008333364447105861,0.127470829366886,0.0016241563900455407,0.004054527536449274,the-netherlands
0.00813215381669948,0.4058108760045629,0.0022660688306378293,0.05980698455607698,0.19768851268634588,0.0030016774200910903,0.30277016613709623,0.005763633318451247,0.01475992723003842,the-netherlands
0.0015966124559041578,0.6256525790592493,0.0007661447354461644,0.028508001759902417,0.07853573151659149,0.0006944339466421445,0.2606241107971395,0.0012753411908825428,0.002347044538242368,russia
0.0020717335808955015,0.6488122885949544,0.0010325896300605426,0.057273949889987096,0.15245568213258903,0.0008759820619991685,0.13449472715826274,0.00095114336124192,0.00203190359000909,italy
0.016167194394160124,0.17504423505215452,0.0014421755510046414,0.0031999303604712584,0.15943067973206088,0.002323271178910774,0.5989499783386899,0.006835389061533445,0.03660714633101483,germany
0.0820212492451283,0.03533114381494476,0.005620971084594999,0.015380257343877733,0.23959604384855107,0.012510795361260246,0.22930597725397805,0.06094055617773119,0.31929300586993364,the-netherlands
0.0013724126404625258,0.7105758674049866,0.0003612255609548287,0.034430700507486096,0.07596356614502439,0.00041721289423486994,0.17497349324771905,0.0005790332694232201,0.001326488329708183,russia
0.005847311057206362,0.2922646114723004,0.0024453452773088432,0.02738233572139182,0.2961892184833361,0.0026217839101772907,0.36256634738098714,0.003734693033467018,0.006948353663825142,poland
0.006187573949413802,0.7688168710700679,0.0010066925313946564,0.021373926925554843,0.10754586789387123,0.001269783471362676,0.08233889235644952,0.001975509485875286,0.009484882316010275,the-netherlands
0.02355674584088812,0.47907115773510467,0.0036459869449704855,0.034791608553324437,0.15841580254182136,0.00467899650655815,0.24480317748072059,0.009580372642095478,0.041456151754516564,the-netherlands
0.002843426426532856,0.630641322502215,0.0009574277196255653,0.0325650122663422,0.13817559505338303,0.000782980410530444,0.19057671904205492,0.0009276798621560196,0.0025298367171598057,italy
0.0015647232728997313,0.6442778862802335,0.0007018433361659553,0.00797599237726914,0.15464427025093774,0.0006407560950775051,0.18725876469032984,0.000739557091033658,0.0021962066060527774,germany
0.010046055428236937,0.5465721928837349,0.0036893702973579867,0.050578039383672765,0.14664841359127234,0.005452699985460517,0.2034472247073799,0.01104811227072417,0.02251789145216015,germany
0.009777550435703108,0.2654248082622235,0.0020488308143217,0.010097655501990627,0.4036802482582157,0.00390769440256453,0.28143548246090144,0.007831865080267135,0.015795864783812206,the-netherlands
0.06458740191914486,0.08902733489259043,0.006587616610636868,0.02743494962347822,0.3102467938853025,0.009971324387040757,0.32668927004291054,0.02512080312307148,0.14033450551582435,the-netherlands
0.04265764018973014,0.06451389629227057,0.003566824578255149,0.012494011989721837,0.28070682783342155,0.0153496210814438,0.4499769496104061,0.04299334805968566,0.08774088036506508,the-netherlands
0.015513651040487575,0.17899638158781092,0.0043008904109252885,0.12778354858163365,0.23979959955814695,0.004450802456824291,0.4086468667375634,0.006148640634288849,0.014359618992318518,poland
0.0013271426569299973,0.7784037036853325,0.0001592323543726871,0.0077846102582233645,0.08491694467793667,0.0001353392067602174,0.12569711414687576,0.00022227053252562546,0.001353642481043281,poland
0.0003921481684996761,0.691110224270728,0.0003009668295404068,0.004252197409128925,0.23040837224054045,0.00025457291417229776,0.07270033009008092,0.0002153461843194268,0.00036584189298994034,spain
0.0011709661385061422,0.8239240647998943,0.00020260548334676104,0.003766109137593317,0.034447047350726595,0.0003340207361225237,0.1319151768929948,0.0005613092511148515,0.0036787002097005573,the-netherlands
0.016894719773065846,0.16420572255230717,0.0024382508154402946,0.012658560810809578,0.39462242783515994,0.002623097078906509,0.3308439089692933,0.0055426203772570145,0.07017069178776003,russia
0.006856815776806691,0.4562753442472445,0.002033043818011619,0.02020976632800608,0.2888999460289113,0.003176090738041869,0.18700766016258472,0.005868488421283317,0.029672844479109953,russia
0.0066894656933862,0.38864773093194455,0.0026049184051425874,0.03610703820968554,0.23038477007083347,0.0028999064304859584,0.31894508727146964,0.0038903523663927422,0.009830730620659586,the-netherlands
0.010433977901761628,0.30284712412336856,0.0029003931861570687,0.005011730039592533,0.13902778394507384,0.0036332588676490484,0.4834148671942159,0.009673431386954583,0.04305743335522678,the-netherlands
0.0007548888682618227,0.6479667723417468,0.0003446241101857301,0.014813685797648952,0.13382254912272495,0.00031941681732785366,0.20097427344375274,0.00034775727383602213,0.0006560322245154868,new-delhi
0.007588637754462533,0.22075440462885262,0.0019449840877428385,0.01129618671275771,0.342905955820608,0.002174129155265343,0.39214212725133035,0.0033104077138364192,0.01788316687514409,russia
0.005697608091656593,0.480664359029107,0.001755690791234849,0.010411041703556338,0.09181713039964821,0.0019795211082709882,0.37657302498174716,0.005137599876773343,0.025964024018005787,germany
0.005546714885204375,0.42265720715943267,0.0020299059327215526,0.033109179179907126,0.25078603511217085,0.00261040079892654,0.27006199461529246,0.003914945701739981,0.009283616614604012,new-delhi
0.007537620248737958,0.3050798227418777,0.002986201120858172,0.03419967933750644,0.1868462677439721,0.005063471663521563,0.4157182871752379,0.01357829814266129,0.028990351825627026,germany
0.011916465687137908,0.40622530015080693,0.0033615679867762915,0.07686156747931863,0.23173541195615688,0.0035267575144929475,0.23768514650197775,0.0052373109257610835,0.023450471797571086,poland
0.0020774565299942933,0.763522097504322,0.0005005567184203677,0.007600557147587131,0.03668781275260906,0.0007130578349864185,0.1791550661416701,0.0009248736708439484,0.008818521699566874,poland
0.0045734654579896285,0.29915654505107686,0.0019079545893869697,0.010580580442549562,0.4105150851105616,0.0025670134571227185,0.2570707722789323,0.003984101274685621,0.009644482337694379,russia
0.000877854418048883,0.7513268602204316,0.0004339536036272943,0.018508490520559417,0.09309756087016138,0.0005234690133796226,0.1336796117643293,0.0005426921358767836,0.0010095074535858837,the-netherlands
0.017447939464230615,0.13496234507674715,0.0029732445850010896,0.03341500321052014,0.31364048983058046,0.005267402749431174,0.4236761898194678,0.011300617674890354,0.057316767589131186,germany
0.08404038780021555,0.09012799638961617,0.0064102994378639625,0.08325437328869852,0.11881972799906947,0.012459141627817598,0.358879216271317,0.03123436312515206,0.21477449406024945,germany
0.007193563831888895,0.3493717623076028,0.0013266303300915685,0.013921985363801227,0.14030289070973373,0.003029671239227156,0.4476828778582317,0.004673891966952931,0.032496726392469664,russia
0.0015262549998102512,0.6255967563170807,0.0010521698566030983,0.011130739950277321,0.24717916876599874,0.0008820713260548536,0.11017694716453001,0.0008441609389090881,0.0016117306807360966,poland
0.0020923587702768322,0.44626070324605743,0.0008572589200115219,0.006499330917609979,0.354656436122085,0.0008780726867742271,0.18605823346489028,0.0009584893493081966,0.0017391165229863278,germany
0.0271640605883339,0.045354624667875654,0.006206142907114112,0.005357612004576355,0.2470541661634124,0.02056248436634299,0.4145375295495112,0.04762993625825508,0.18613344349457792,germany
0.0015793109283749884,0.640171339898467,0.0004231412988188185,0.017794403442187665,0.17946105351884079,0.0004284208524889776,0.15734231823780853,0.00061245101985371,0.002187560803159507,germany
0.0010453023603215338,0.5729503190596739,0.0008051018505086362,0.015360142528808865,0.24584570418426635,0.0008320917255113924,0.161188126243298,0.0008496511663123939,0.0011235608812989514,new-delhi
0.003782912037381735,0.6168661005046633,0.0013405970078142432,0.0603302540800301,0.07427771800256908,0.002429667562180578,0.22015354959902958,0.005115990711635619,0.015703210494695582,the-netherlands
0.005738221832546791,0.5978171966590861,0.0027205368498605807,0.01633248492268605,0.17573634973064328,0.003048335622373663,0.18057664147583813,0.00561830606287271,0.01241192684409272,poland
0.03442022270167794,0.04431030082051968,0.011840145078658512,0.024226487382842634,0.16384486550682423,0.040145364897710666,0.32215787759751763,0.12496189417651202,0.2340928418377371,iran
0.04834042415210395,0.01848517005568766,0.0046169184669231965,0.014017469513537512,0.09066175647402908,0.030759535309663494,0.25311024952704353,0.13286984488756817,0.4071386316134433,iran
0.21649386769917597,0.023845197252951554,0.005230801471072744,0.01600668071961456,0.10656812963116685,0.009405050378156681,0.07236700794787305,0.022369657157530667,0.5277136077424581,iran
7.24629927058709e-05,0.8850213078775571,3.8625413715819134e-05,0.008172331760558055,0.031158235355094013,4.793764866337164e-05,0.07538042285994329,3.152253137174384e-05,7.715356039047037e-05,russia
0.05007844266121424,0.0348541517398987,0.010556444328346152,0.011433623901103081,0.1269619335058217,0.03610325969375229,0.22576217146765634,0.16373554849939484,0.3405144242028128,poland
0.01897355131908033,0.04804267608730815,0.001287899380664676,0.008988821232419533,0.6054391165632526,0.0028055148591313328,0.2747280192656591,0.004638310221522843,0.03509609107096178,russia
0.04150227135879696,0.13792431501220803,0.010029042168729088,0.027213639711626776,0.1282584142157056,0.027020495694716484,0.24998912815841448,0.05196868151937807,0.3260940121604245,germany
0.008737284342884082,0.5536764157698162,0.0019504815933853838,0.020860983014344754,0.16303267077123224,0.0017598570108630681,0.23374591520501292,0.0023906175098437885,0.01384577478261717,the-netherlands
0.006792882848208691,0.5482353179367858,0.0036778553532366676,0.005984217301959949,0.22943317111672323,0.009575833113536361,0.16099406197934887,0.016391690197828095,0.018914970152372385,poland
0.04595109589771899,0.02934596082808217,0.01813302103982064,0.006811651591321919,0.04929685578942119,0.10948854700247364,0.057769119470828634,0.47866704424641654,0.20453670413391628,germany
0.012499990590394139,0.08798345795753722,0.0015324170330166503,0.004478627731730672,0.12610400115572593,0.004665769506176445,0.6712938556781688,0.01462087740989133,0.07682100293735884,germany
0.024978680465877475,0.25560166671023016,0.008660317051247944,0.010089792669453807,0.16145340432137392,0.017374062008278224,0.3873505526019093,0.026649766820628897,0.1078417573510002,russia
0.0068168371739493906,0.43210295573989205,0.0020353078428262832,0.03380960630954569,0.2202076513662947,0.0019786812254661877,0.28895646631936656,0.0029237440337373886,0.011168749988921386,the-netherlands
0.0005310845921797552,0.6844157321587422,0.00014528807509741812,0.009227023849876444,0.2163928655305019,0.0001230916786406352,0.08855262901591418,0.00021376264787011627,0.00039852245117777993,the-netherlands
0.0031675466634218273,0.5423926639276024,0.001177711382049285,0.03032171715813124,0.2541527926183092,0.0012755588316988972,0.16130716662465752,0.001837018112270648,0.0043678246818588656,russia
0.0009431649379104766,0.5654959077610372,0.0006304428796678497,0.00939447295593588,0.14233135852121934,0.000546949231986442,0.27893994166700126,0.000654962125064377,0.0010627999201769578,russia
0.0025397366867523576,0.6014098234649026,0.0018425040758325544,0.01269849858020658,0.21675649613000972,0.0016552843835770956,0.1583478578668781,0.0018065687786680321,0.0029432300331729334,the-netherlands
0.0018397873239841555,0.49239397929012607,0.0005563782840230274,0.007845350299459678,0.07998300783641094,0.0006233232650345204,0.41221197075025623,0.0007957824442329181,0.003750420506472165,the-netherlands
0.009088408868167738,0.5820574097426293,0.002410076694729625,0.1207940259492523,0.047330292028454166,0.003437151114390554,0.17878281124129775,0.008877648432634621,0.04722217592844356,poland
0.054881546608736995,0.09669110962783557,0.008648003314845491,0.037437114959345784,0.2208718224315846,0.010327172954574247,0.29176599940800146,0.03243322496478886,0.24694400573028685,germany
0.03576663108068628,0.15648907929487663,0.017355750644502784,0.07324506965281019,0.18934491925302294,0.04453474935853976,0.20316009808159005,0.14185316506053422,0.13825053757343714,iran
0.011685682211272086,0.2159292853208535,0.007315095969665396,0.010714265037605293,0.12133066992619596,0.01552049406276476,0.46202526849849457,0.06788855806809778,0.08759068090505094,germany
0.013604092991013407,0.460253578726308,0.0017564815232783782,0.024985717631900356,0.09786643035162365,0.0018871192428491614,0.3720212299248476,0.0025426684353856105,0.02508268117279406,poland
0.056259330812658645,0.04657915731832438,0.010930206274374289,0.04962126738705546,0.16996564164120226,0.03586444723345446,0.2350912113842418,0.07327462247673244,0.3224141154719558,germany
0.0030108991115754364,0.3773584992834492,0.0021566878456326702,0.007427835138518425,0.4705077382708754,0.0019287740333049145,0.1328169981743681,0.00191634904295047,0.0028762190993251997,poland
0.003404386575783583,0.6350256814561716,0.0010534525190433028,0.0278710001658968,0.11830950297334733,0.0010787463322009417,0.20879712375670847,0.0011687358080635563,0.003291370412784454,new-delhi
0.012546533514621367,0.36488990706626295,0.0042634186563853625,0.09007013457095457,0.21428110037976397,0.007432243199543532,0.2567144921034824,0.017818251981578367,0.03198391852740733,new-delhi
0.0002821894546809721,0.7848342267445244,0.0001435279616923543,0.00459152214941461,0.16421475062224244,0.00015103262844834054,0.04541532283631769,0.00011335787858820602,0.0002540697240909799,the-netherlands
0.003084869416878722,0.5784734260841952,0.0016284380965963052,0.010714258412014522,0.17418168441001733,0.0017274725704083244,0.2222984970536082,0.0028705939182759378,0.005020760038005839,portugal
0.015310311302280968,0.5986465543279282,0.0019470166691512298,0.017474070501184272,0.07288959316711792,0.002756225816625356,0.2255460349729859,0.004501604731508971,0.060928588511217005,the-netherlands
0.0016854836270198778,0.5228884910046057,0.0012624117423674327,0.009766973654987137,0.31848132268457646,0.0011056249161322123,0.14194627534369458,0.0010893765865945088,0.0017740404400219654,poland
0.002880956464679018,0.6387773819320796,0.0011951668474629532,0.029712390268339935,0.15084847329798987,0.0010184789702094566,0.17159709661672753,0.0012411115874815192,0.002728944015030366,the-netherlands
0.0064169367214608935,0.28133043799276813,0.002390709889603265,0.01826716172285532,0.2174534471834398,0.002719059217660566,0.4590426170843106,0.003696729823788364,0.008682900364112869,germany
0.006088107363137865,0.3061690992370837,0.002755857407375545,0.057771727194979826,0.2487070489719632,0.0028942121629945646,0.3659410186539591,0.0033986399218485616,0.006274289086657461,italy
0.0012915712092413266,0.6607774983625773,0.0007121602242922272,0.02018156657542159,0.1925249138331101,0.0006564795247668507,0.12201214771937326,0.0007012247517296948,0.0011424377994884017,italy
0.0021630518722041735,0.730536367866072,0.0006266187199781545,0.025732466559619162,0.11006632258158645,0.0007135503557106702,0.12633578100922963,0.0007842912141019109,0.0030415498214978716,poland
0.05875756154986711,0.009638165881276592,0.010646068469665875,0.009887225067679938,0.0586598647780223,0.0371047699950647,0.3199097696587636,0.13521010200398847,0.3601864725956713,poland
0.004679673736998438,0.5337753329342284,0.0016548917481516553,0.024644098734983615,0.2776733288933165,0.0019011500911678943,0.14808158851286488,0.0020923476198416806,0.0054975877284470275,spain
0.0243943873872708,0.03590712791687574,0.011333954803090083,0.006649051953169852,0.12821019996126432,0.07435590962024519,0.2710656351891584,0.19538171077806132,0.25270202239086414,portugal
0.015701992567010443,0.2763239186331239,0.0022930687650138796,0.015362282190414018,0.08907101240286862,0.003218169647858608,0.545295561791627,0.009259982128119912,0.043474011873963866,germany
0.00041298375244576565,0.727623092220496,0.0003448344692771243,0.005073207595256437,0.19263985656543603,0.00026972455683276067,0.07305136031735279,0.0002100467503806434,0.0003748937725226086,spain
0.003191601046625111,0.584166195051194,0.0017595692934563975,0.00893927584643724,0.12468582118243078,0.0022771111872040787,0.259084306297193,0.004026495618812353,0.011869624476646608,russia
0.048905125171610137,0.008802590051591473,0.018592060473661794,0.007569644668140198,0.03778246965641001,0.0732807721410275,0.08167224162411163,0.30724935413001575,0.416145742083432,italy
0.018594635699806412,0.2739262072437893,0.004182424413659451,0.09247578251724854,0.4177321706423932,0.004926962548458822,0.1625871343226292,0.005493783275404865,0.020080899336610093,italy
0.0234504416013406,0.2762039237982377,0.008483841524047062,0.01280373139146512,0.47459420432129723,0.008911804375410119,0.14739196408498534,0.010283557914513112,0.037876530988703756,italy
0.0046264873185587726,0.44116357495086767,0.0014486539388523395,0.024877573010535024,0.25245968730634194,0.0016878790995927477,0.26164022660811537,0.0023456800927084053,0.009750237674427767,germany
0.01148881268341322,0.49522923501844673,0.0026034331498866834,0.054231774866511484,0.23653709988032648,0.0037518530165352748,0.17220973984271878,0.005910834107209053,0.018037217434952825,new-delhi
0.001188390571071552,0.5718496933072625,0.0007761779662313894,0.009119736094601075,0.24283793251954003,0.0006798678917017183,0.1716448682765346,0.0007452012593299994,0.001158132113726832,russia
0.002447189905604043,0.6839639635482636,0.0009320215587233658,0.013314102494538436,0.09060322443704887,0.0011648119102724132,0.19146023659415343,0.0033051874718364456,0.01280926207955945,the-netherlands
0.00044477095962904434,0.6989685184542954,0.0004104500325277074,0.005471676934255131,0.2200022660443933,0.00032458727405669643,0.07366039487494982,0.0002762059589985686,0.00044112946689440667,the-netherlands
0.004073088956874099,0.47923651158833264,0.0024530985624002773,0.008729343866061008,0.21519675215358172,0.0024212830935252264,0.27766407230015705,0.0030715491954341227,0.007154300283634212,poland
0.0009737813150185676,0.6603743777869033,0.0004935721703857066,0.007237116594091687,0.163781091492053,0.00046412594129070735,0.16523944269145371,0.00047456027960572167,0.000961931729197809,spain
0.0012076197976675408,0.5999962150609253,0.00042546907574040233,0.053867013588206517,0.07648745865655963,0.00042467441439443244,0.2657121496520802,0.0004653806153015675,0.0014140191391239841,the-netherlands
0.03295098552144698,0.03148637029341366,0.008357340824917977,0.003993192686604032,0.0523667164602411,0.034802745107996184,0.06235256444441816,0.12395913997357473,0.6497309446873871,the-netherlands
0.022844350932816507,0.010567746145829207,0.018527061364938816,0.002592149883484485,0.04473912443451908,0.13860052383490995,0.09056647259727078,0.2615112877416481,0.41005128306458316,the-netherlands
0.02374096306836082,0.13041905119416577,0.006434740784193327,0.08380346855883494,0.4363092872948111,0.011803534614329215,0.24309730954896655,0.020146984441045228,0.04424466049529266,germany
0.00033846060732261256,0.7290380277070203,0.00034453223596525036,0.005958881065056038,0.20256205681904693,0.0002578799333431343,0.06096621726222648,0.0001968413450515616,0.0003371030249676904,italy
0.0010330798331005151,0.5840421233661969,0.0005442843737927403,0.01100701820754422,0.21091359185780728,0.0005746109229887837,0.18959377919767675,0.0006459859688809216,0.0016455262720122478,the-netherlands
0.042045487511813695,0.13860820336830013,0.004331153973751984,0.010897667097177691,0.13129464750843461,0.018650291769295432,0.44052872369628304,0.04926355039635419,0.1643802746785893,new-delhi
0.014993327575766656,0.6130733390629473,0.0027288478100597167,0.06772310834687147,0.06443445797728631,0.0028002341788386973,0.20146665153846244,0.005186734236826395,0.02759329927294091,iran
0.028098269506828744,0.16530333847122788,0.005242221026817826,0.01877256090805252,0.12515187711848338,0.011982238113672508,0.46343770781766785,0.029564463449966646,0.1524473235872824,the-netherlands
0.016212598871407177,0.4055526645132096,0.005687593097172745,0.05843620696906953,0.14342049180920224,0.006364367086434543,0.30656571026014207,0.01208460633084588,0.045675761062516466,italy
0.013445177959918342,0.3222418738969173,0.0015083066931350748,0.013292104799875307,0.08785583586960806,0.002685757206655064,0.49971520455440416,0.006593976940968249,0.05266176207851846,germany
0.011258588434287323,0.3008989398867494,0.0031606871351147537,0.029881866672560597,0.12589609476051974,0.007633097619546995,0.44344555723398815,0.015717411851452912,0.062107756405779806,the-netherlands
0.0005234553505649372,0.737555380718967,0.00036967631989694556,0.00852269419264956,0.1397881603669319,0.00034560240047958035,0.1119503844380199,0.00034739070335957674,0.0005972555091309097,poland
0.0024178742385632356,0.7207624617633677,0.0006517572227218699,0.0052695817359676034,0.08925294643945247,0.0012245433322285706,0.17193281848694977,0.0022800669643456063,0.006207949816403197,the-netherlands
0.056103393615075915,0.08712571283822372,0.0024537890263613468,0.021098272856832884,0.21232099701515858,0.003119616752459115,0.5596249175908854,0.005903491216580703,0.05224980908842315,germany
0.002134106945487201,0.6507475053414621,0.0009251523738915076,0.020520688891944704,0.1884249052429852,0.0007923937663344271,0.13329782022454245,0.0009304440844072499,0.002226983128945483,the-netherlands
0.004326068560694531,0.22124653808402314,0.002340217557442034,0.010034950180464384,0.5209618237539287,0.002348892836785114,0.23201049021334078,0.0027231887324348997,0.004007830080886599,new-delhi
0.0003804929729253603,0.4978614400323741,0.00037550024934856916,0.012313592574923642,0.23367105428903132,0.00033665318408326086,0.25425759081427807,0.00040038919295130935,0.0004032866900841847,russia
