Accuracy: 0.17678958801411238, with batch_size 32, optimizer adam, epochs 15, neurons 64, dropout 0.1, layers 1
Accuracy: 0.1778741865671379, with batch_size 32, optimizer adam, epochs 15, neurons 64, dropout 0.1, layers 2
