Accuracy: 0.43344709907782364, with batch_size 16, optimizer adam, epochs 30, neurons 64, dropout 0.3, layers 1
Accuracy: 0.44709897651607267, with batch_size 16, optimizer adam, epochs 30, neurons 64, dropout 0.3, layers 2
