Accuracy: 0.6518438183045956, with batch_size 32, optimizer adagrad, epochs 15, neurons 128, dropout 0.1, layers 1
Accuracy: 0.6203904551435706, with batch_size 32, optimizer adagrad, epochs 15, neurons 128, dropout 0.1, layers 2
